10.39291399
12.45997816
14.51477733
16.58805582
18.61252657
20.74568266
22.77401138
24.78177541
26.95363251
29.00247713
31.09384939
33.23776411
35.33245492
37.48584406
39.53755438
41.704302
43.80023946
45.89589085
47.9798052
50.10140678
52.2581191
54.38670146
56.46843384
58.65682444
60.71278032
62.82123525
64.91306434
67.10418135
69.23293502
71.3244853
73.33214191
75.37848695
77.44181144
79.54990578
81.63654304
83.75322878
85.85309534
88.0038032
90.04101581
92.10350465
94.2084545
96.3011875
98.30845364
100.4601894
102.5927805
104.7241918
106.8631714
109.0208414
111.1070723
113.2091626
115.285777
117.3882846
119.405592
121.4847659
123.5997975
125.671576
127.8155557
129.9000013
131.9465208
134.0216861
136.1157453
138.2999135
140.4473614
142.5888589
144.7014234
146.8294532
148.8333714
150.8670855
152.9541023
155.1066489
157.1408738
159.2671946
161.3510364
163.4826103
165.5935564
167.742519
169.7907993
171.9165897
174.0586461
176.1158879
178.2120405
180.3868146
182.5538623
184.6850201
186.7725094
188.8969103
190.8684015
192.9311724
195.0359145
197.1801884
199.2418802
201.3484462
203.394675
205.4558917
207.5932466
209.6609407
